Phonons at Temperature 0 K Pressure 0.00 GPa and Volume  314.22 Ang^3
95989186892592.218750
95288392665287.343750
94783708127497.437500
94734523083368.828125
92396146308728.187500
92376244748017.265625
92354928085119.734375
92316882755931.687500
90625077550083.187500
90602276988145.781250
90570859788466.343750
90543992158701.968750
88389428053029.359375
88342960728645.421875
88276556172435.343750
88221747087213.578125
80961454110129.421875
80906290492926.843750
80752339944231.562500
80706107025806.234375
50552304503510.484375
50481387856329.109375
49542140881498.664062
49557555632017.578125
49499208544296.500000
49510299586237.984375
48918023251188.906250
48844962914218.945312
47561219078421.289062
47273227685301.906250
46943525535307.601562
46906026307091.445312
45533907138010.406250
45423617412472.234375
45277826145938.320312
45221609890182.429688
43549506596727.132812
43446515556247.539062
42940825465503.437500
42832370583039.507812
41532103555456.140625
41503894113555.281250
41434757157682.429688
41427652426283.593750
39580969025430.781250
39504068350945.867188
39529944014555.484375
39472068085660.851562
39496004045134.460938
39344730516228.750000
39356896380353.882812
39270938015762.421875
34950263967644.593750
34847856419683.695312
34822155872966.152344
34739379119541.679688
33463040017027.527344
33449134324348.195312
33379566753268.269531
33349326696677.664062
30893422217450.394531
30796607401994.429688
30788336779710.218750
30753940342170.753906
27618148376844.085938
27562097378390.371094
27309659548395.417969
27221281878802.605469
26491947370363.386719
26449901071208.445312
26368482498249.777344
26357937646535.679688
21043412285968.824219
21028282663266.539062
21024133092277.214844
21010102209537.929688
19619533767324.105469
19578122189294.167969
18469658119510.480469
18397706282566.058594
17332219334356.470703
17322916573321.373047
17307369364723.435547
17324123962331.703125
14534723148461.222656
14394586934932.412109
14244734576356.273438
14110152582434.195312
11017165966884.773438
11005947068732.726562
10750941264819.757812
10731330687493.384766
7477115130634.101562
6964031975485.522461
6732225984601.170898
6731865598319.135742
6680215620139.628906
5645563408811.354492
5546345097867.617188
5356551547480.180664
5225909229796.762695
5191921896948.391602
4953936743772.982422
5109043363508.225586
4651234895732.832031
4271196699183.079102
4232783432752.623047
4138393485733.261719
3420987599190.583984
3260859677121.598145
2683255934738.434570
2473561326251.330078
2360426713133.984863
2325329081750.827637
1768077652598.555176
1691416906074.802490
1352984528158.665527
0.000000
0.000000
0.000000
