Phonons at Temperature 300 K Pressure 0.00 GPa and Volume  321.58 Ang^3
95773757449273.468750
95073358959617.125000
94547747441862.062500
94502090116238.343750
92271798457882.265625
92256982845798.265625
92251323012061.250000
92209238253508.375000
90469393543757.859375
90435881645915.265625
90409701215490.140625
90379300833252.937500
88670083931201.765625
88631926768456.718750
88574937962062.781250
88530895625174.312500
80750665056610.953125
80697674227683.156250
80539077477280.265625
80496435694781.906250
50569410891515.796875
50505171028057.414062
49505352119656.140625
49545644861381.898438
49474897912714.437500
49499298706834.500000
48958403527357.687500
48894081306463.093750
47567831674804.593750
47292280554930.078125
46859375747388.570312
46832525662547.539062
45559311350855.750000
45372868267500.992188
45260090267033.750000
45257605418410.734375
43517015182866.789062
43426754047139.406250
42924917616940.109375
42835759416107.695312
41451384010238.085938
41422620176391.148438
41373914766943.468750
41367638237820.343750
39556514441082.351562
39458653540412.750000
39551613994360.929688
39473368064452.437500
39541725357278.742188
39317084342498.054688
39383167296387.296875
39269813399883.601562
34948725050486.031250
34876398922546.519531
34830953481130.996094
34781734791096.222656
33439438577424.921875
33443556686009.937500
33377128762804.664062
33363687365569.078125
30778918142892.535156
30663604919635.675781
30662039752394.835938
30631041126521.191406
27588312940636.359375
27547365146774.644531
27306891842126.085938
27211561761101.781250
26423923211444.062500
26394234852037.007812
26258710458491.867188
26259597913716.460938
21059616205416.910156
21037880964067.816406
21037913756262.332031
21017834374781.476562
19594724034645.386719
19552285948786.054688
18480522289075.246094
18409727117344.980469
17336110174371.734375
17325312007453.498047
17308410906276.552734
17346512969974.861328
14405933250028.441406
14293077008225.250000
14103689125104.214844
14015569143608.611328
10894349831855.519531
10879217430159.835938
10635615326969.494141
10624802132603.583984
7382958637920.572266
6805430113937.153320
6571791525730.740234
6610344863271.245117
6518767633948.698242
5557942089305.345703
5381787445913.622070
5145949304925.913086
5072378017082.878906
5078996136613.463867
4706457301298.099609
5062214763204.356445
4555424681522.838867
4121194024669.380371
4113766952479.785156
3979688397811.295410
3267726432251.639160
3081688549822.713379
2523155087516.354980
2245103044411.131348
2283133744320.994629
2291570450843.065918
1656915752097.313232
1586960796615.376953
1291952877826.663330
0.000000
0.000000
0.000000
