Phonons at Temperature 225 K Pressure 0.00 GPa and Volume  319.01 Ang^3
95848453477585.125000
95147917471945.656250
94629555717102.078125
94582676269584.484375
92314926368884.390625
92298347523955.265625
92287259279892.515625
92246575090670.656250
90523383288982.781250
90493583741003.781250
90465588364642.812500
90436412343964.562500
88572599637447.218750
88531552860038.750000
88471289764431.531250
88423503072279.781250
80823743520466.968750
80770000001655.218750
80613012543842.359375
80569126789006.937500
50563474569853.976562
50496917346830.976562
49518114184862.109375
49549777399888.570312
49483331992619.984375
49503115573819.554688
48944388388323.890625
48877032350761.015625
47565537096613.101562
47285668618559.921875
46888557387138.320312
46858016251471.843750
45550494855931.656250
45390471050248.601562
45266243569872.046875
45245112252729.171875
43528286480040.335938
43433609982661.070312
42930436739493.890625
42834583510320.328125
41479374720292.367188
41450802994753.234375
41395016056562.453125
41388452425646.570312
39564998111260.007812
39474405896037.937500
39544093483422.156250
39472916986012.125000
39525854738743.375000
39326674958106.226562
39374049687405.054688
39270203621463.867188
34949259024510.660156
34866492444734.539062
34827900588239.953125
34767032146313.019531
33447626044610.574219
33445491939396.101562
33377974689593.070312
33358703723456.601562
30818601216838.398438
30709689629418.960938
30705804166256.960938
30673629611384.046875
27598661746473.714844
27552476122903.187500
27307852163862.101562
27214934106212.839844
26447506786199.574219
26413536928932.171875
26296747877713.726562
26293678722888.546875
21053992269715.578125
21034549998100.605469
21033131044757.195312
21015151104420.316406
19603329091941.382812
19561246880623.410156
18476751857639.042969
18405555174264.050781
17334760010960.753906
17324480789388.689453
17308049499520.181641
17338741036225.531250
14450491651545.412109
14328218107147.937500
14152470899811.378906
14048316164296.816406
10936809337517.443359
10923024574108.445312
10675490902051.960938
10661645635780.253906
7415494466661.109375
6860049171451.120117
6627022078924.598633
6652260216966.670898
6574340795533.416992
5588190250198.885742
5438325902295.294922
5218070153715.889648
5125133221345.928711
5117898700706.561523
4790896014229.523438
5078414771996.125000
4588443734844.376953
4172636312159.413086
4154679926480.723145
4034055059196.070801
3320111852284.600586
3142714526326.312012
2577595430169.186035
2321879322794.935059
2309662229670.313965
2303228310903.768066
1694672291432.233398
1622453666817.628906
1312811572088.522949
0.000000
0.000000
0.000000
