Phonons at Temperature 75 K Pressure 0.00 GPa and Volume  314.87 Ang^3
95969777856225.671875
95269019173670.593750
94762446960362.031250
94713580123478.031250
92384947820682.109375
92365504557002.812500
92345598596892.875000
92307189327678.203125
90611054621488.531250
90587288446816.171875
90556343342514.562500
90529157230838.546875
88414651390210.312500
88368929795276.093750
88303370094608.906250
88249526992780.406250
80942460037200.812500
80887492423595.812500
80733122666055.828125
80687213718513.750000
50553843885794.617188
50483527944747.796875
49538828678278.671875
49556483514524.468750
49497020035310.523438
49509309378450.445312
48921656216474.875000
48849381675486.546875
47561814191598.750000
47274942178596.289062
46935945651849.703125
46899406337268.742188
45536193002835.765625
45419047534274.726562
45276229586268.531250
45224848408347.312500
43546581292043.234375
43444736600985.421875
42939393476487.421875
42832675575824.906250
41524832154600.367188
41496572722832.070312
41429277522722.367188
41422247430127.789062
39578767430448.914062
39499978760602.007812
39531893882635.914062
39472185085370.187500
39500116915944.023438
39342241493024.773438
39359260113115.695312
39270836796097.890625
34950125458334.382812
34850424362105.917969
34822947589510.621094
34743189126680.156250
33460915144275.835938
33448632284341.492188
33379347320511.578125
33350618940952.574219
30883099133016.125000
30784613246368.234375
30776948448059.093750
30742858930378.203125
27615461789419.828125
27560771116758.632812
27309410436166.234375
27220406900834.859375
26485817855108.023438
26444886163075.957031
26358583966376.070312
26349071754857.132812
21044870170029.503906
21029146355871.238281
21025373018025.851562
21010798007959.054688
19617299541251.011719
19575795463254.910156
18470635661346.625000
18398787867363.773438
17332569484285.064453
17323132155041.914062
17307463103597.636719
17326137847151.304688
14523084725430.107422
14385421331448.466797
14231982565639.691406
14101613752776.595703
11006055728194.615234
10994480873080.150391
10740510621742.599609
10721699260036.761719
7468591854485.475586
6949607297700.395508
6717627482219.032227
6720837538956.626953
6665522593537.876953
5637621016209.812500
5531330684642.903320
5337248978303.677734
5211902779280.797852
5181656287754.210938
4931139958020.685547
5104810987646.528320
4642529831599.354492
4257475387576.699219
4221932094399.227539
4123854117371.518555
3406904230090.800293
3244315966447.411133
2668439713746.037109
2452080912540.228516
2353364285357.613281
2322270459790.682617
1757774581825.701904
1681740539041.203857
1347375432175.627441
0.000000
0.000000
0.000000
