Phonons at Temperature 200 K Pressure 0.00 GPa and Volume  318.20 Ang^3
95871817259714.234375
95171238306910.937500
94655145533827.984375
94607883596934.046875
92328413359120.453125
92311282953255.531250
92298496720559.015625
92258250613681.484375
90540268432338.968750
90511630399979.843750
90483067160927.359375
90454274222441.562500
88542145624942.578125
88500196815842.437500
88438911659295.734375
88389956233353.453125
80846603227586.281250
80792624129971.265625
80636140402569.484375
80591865293725.703125
50561618871451.687500
50494337318130.546875
49522104597969.835938
49551069404645.601562
49485968990176.218750
49504308881494.218750
48940007731496.203125
48871703644203.679688
47564819777269.562500
47283601752934.195312
46897684019669.828125
46865988088178.351562
45547738951026.539062
45395975517807.765625
45268167416598.773438
45241207286917.648438
43531810766053.687500
43435753540222.835938
42932162299689.890625
42834215899628.921875
41488129188033.562500
41459617576449.218750
41401615050941.304688
41394961605541.937500
39567650690278.718750
39479331763265.101562
39541742678589.843750
39472775968761.367188
39520894496847.539062
39329673702396.164062
39371199729816.445312
39270325615204.000000
34949425959708.679688
34863396011453.527344
34826946233105.937500
34762437010199.308594
33450186061215.320312
33446096970580.937500
33378239151687.296875
33357145866070.246094
30831017624530.953125
30724111058826.617188
30719498819985.707031
30686955973642.636719
27601897836294.449219
27554074135362.105469
27308152391184.644531
27215988470687.292969
26454883914450.128906
26419574132657.167969
26308650619958.097656
26304342301832.710938
21052234396097.179688
21033508763737.648438
21031636073618.195312
21014312317842.242188
19606020021560.625000
19564049132723.687500
18475573285097.250000
18404251115374.664062
17334337937966.445312
17324220938187.746094
17307936516352.650391
17336312051507.753906
14464449971217.214844
14339221803440.410156
14167755884265.103516
14058569385596.625000
10950117155172.447266
10936755933644.587891
10687987644587.257812
10673190021996.707031
7425695363012.714844
6877214221583.750000
6644383574706.857422
6665418449725.900391
6591811362280.753906
5597680310265.293945
5456122803609.480469
5240823648907.382812
5141738117438.705078
5130121638372.560547
4817603212174.738281
5083489925876.515625
4598815334550.286133
4188849822568.897949
4167553633992.556641
4051203339559.685059
3336660514706.799805
3162039600518.359863
2594854658989.663574
2346416036547.211426
2318018769815.004883
2306885001491.834473
1706651538937.538818
1633711664875.159180
1319401360767.336914
0.000000
0.000000
0.000000
