Phonons at Temperature 275 K Pressure 0.00 GPa and Volume  320.69 Ang^3
95799372868873.500000
95098927184938.703125
94575801069865.859375
94529724768709.156250
92286589778462.953125
92271169529686.406250
92263648173078.531250
92222043707036.250000
90487909295806.015625
90455670278063.125000
90428867546573.390625
90398886967026.031250
88636633112184.265625
88597484030784.640625
88539371229813.062500
88494043503195.093750
80775724737878.140625
80722475871605.703125
80564430791924.234375
80521362557288.109375
50567374555846.156250
50502339726011.421875
49509729349800.570312
49547062352040.921875
49477790780521.687500
49500607922582.625000
48953595649236.210938
48888232560886.804688
47567044583818.156250
47290012446526.312500
46869383488589.882812
46841267795989.765625
45556286954076.031250
45378905545661.164062
45262200858076.671875
45253319665975.695312
43520881096512.687500
43429105625195.375000
42926810687891.117188
42835356057211.671875
41460983160753.101562
41432285192437.335938
41381151648229.734375
41374776670993.593750
39559424276176.398438
39464056152176.140625
39549034172781.226562
39473213336458.125000
39536280753039.125000
39320373819724.828125
39380039566864.976562
39269947251944.171875
34948908211545.503906
34873000518644.699219
34829906257900.089844
34776690838746.089844
33442246789104.128906
33444220497516.816406
33377418927358.277344
33361977809481.902344
30792524336937.835938
30679404944438.953125
30677044641865.984375
30645643018763.019531
27591862315974.640625
27549118189824.558594
27307221244661.304688
27212718484520.355469
26432010399605.792969
26400854195830.171875
26271751722879.296875
26271283218203.707031
21057686932605.757812
21036738327863.859375
21036273084075.886719
21016913929780.937500
19597675286834.941406
19555359234931.050781
18479228881644.195312
18408295964881.269531
17335647033998.603516
17325026881327.519531
17308286936892.982422
17343846674872.750000
14421202020427.945312
14305121268105.804688
14120403110318.228516
14026793306612.582031
10908895542989.980469
10894224177688.160156
10649276502002.119141
10637425699025.966797
7394102852001.308594
6824116183830.877930
6590684464697.844727
6624692684158.324219
6537777020207.278320
5568299218418.513672
5401114536288.090820
5170574937405.820312
5090412458788.459961
5092306929811.768555
4735252158883.694336
5067765804612.704102
4566723906425.186523
4138767727209.826660
4127755185611.466309
3998254006821.778809
3285601705431.526855
3102486775993.336426
2541698232194.012695
2271148209552.942871
2292198945305.734863
2295562627031.458008
1669771130976.015381
1599047085748.675293
1299070145857.980713
0.000000
0.000000
0.000000
