Phonons at Temperature 150 K Pressure 0.00 GPa and Volume  316.71 Ang^3
95915658748444.765625
95214999290989.937500
94703165955341.062500
94655185994356.218750
92353717768929.750000
92335552311982.125000
92319579768106.750000
92280155717684.937500
90571950328462.468750
90545492296448.203125
90515863253670.921875
90487789313155.687500
88485047779997.562500
88441408638049.296875
88378208290575.250000
88327062903738.515625
80889501243313.328125
80835079897252.296875
80679541879284.531250
80634535826285.875000
50558138108757.312500
50489498017851.890625
49529590741002.359375
49553493057061.429688
49490915888064.437500
49506547383190.007812
48931791488425.437500
48861709544895.007812
47563474248260.210938
47279724939633.664062
46914808683173.429688
46880945435123.226562
45542569833751.632812
45406302679645.507812
45271776417159.968750
45233883203566.585938
43538422443317.492188
43439774742406.695312
42935399317991.468750
42833526338590.406250
41504555931495.281250
41476157154718.968750
41413996379349.421875
41407174382340.281250
39572626916744.585938
39488573435550.187500
39537333381203.593750
39472511447884.781250
39511591680977.796875
39335299407859.921875
39365854293795.156250
39270554453880.265625
34949739101361.925781
34857588418004.339844
34825156110228.640625
34753819024287.152344
33454988706565.609375
33447231926508.164062
33378735239229.648438
33354223810473.691406
30854321999228.855469
30751181257749.691406
30745203929377.394531
30711969378504.976562
27607969164733.628906
27557071960656.152344
27308715570920.070312
27217966373273.195312
26468727590929.441406
26430902530460.863281
26330992492627.980469
26324356866368.496094
21048937346747.886719
21031555740007.863281
21028832071340.578125
21012738999927.710938
19611068703316.789062
19569306721297.828125
18473362704137.140625
18401805191713.152344
17333546234947.574219
17323733515991.287109
17307724582852.628906
17331756643980.179688
14490669569798.722656
14359885497313.464844
14196472223714.359375
14077822717853.992188
10975123847104.384766
10962559996288.857422
10711468688966.203125
10694878878484.265625
7444868219056.652344
6909528606721.570312
6677073298793.877930
6690171098582.880859
6624708228349.587891
5615525396022.985352
5489663731717.890625
5283772943835.147461
5173031070153.827148
5153128396992.560547
4868103190286.784180
5093023658405.486328
4618333809181.485352
4219433484672.440918
4191810016047.303223
4083567196938.536621
3367925544556.644043
3198610956835.637207
2627542092406.752441
2393143903721.441895
2333775727262.278320
2313759941663.986328
1729351258030.977295
1655040713218.340576
1331851933966.115234
0.000000
0.000000
0.000000
