Phonons at Temperature 25 K Pressure 0.00 GPa and Volume  314.25 Ang^3
95988333584933.593750
95287540919880.531250
94782773382041.453125
94733602329295.468750
92395653992396.796875
92375772580797.718750
92354517939117.734375
92316456609468.015625
90624461053694.109375
90601618036714.968750
90570221593658.406250
90543339961180.187500
88390536724824.968750
88344102173701.359375
88277734746779.515625
88222968113719.765625
80960619033172.953125
80905464034188.812500
80751495052664.578125
80705276379225.500000
50552372174083.156250
50481481933143.976562
49541995271719.203125
49557508501027.546875
49499112334963.843750
49510256056086.460938
48918182951410.937500
48845157155461.601562
47561245239560.898438
47273303053468.523438
46943192296370.335938
46905735272239.289062
45534007622680.812500
45423416510037.117188
45277755959668.101562
45221752251224.968750
43549377995610.031250
43446437351482.382812
42940762513972.093750
42832383990538.632812
41531783876443.296875
41503572236590.117188
41434516256587.882812
41427414806735.562500
39580872240295.039062
39503888562826.984375
39530029729131.070312
39472073228984.539062
39496184838770.757812
39344621094954.453125
39357000287542.843750
39270933566119.937500
34950257878735.664062
34847969302977.558594
34822190676607.914062
34739546599448.718750
33462946604354.554688
33449112254409.242188
33379557106929.425781
33349383502946.117188
30892968340060.570312
30796080038291.675781
30787836057798.042969
30753453117132.750000
27618030268423.421875
27562039074318.699219
27309648597323.500000
27221243414002.511719
26491677885822.085938
26449680594845.906250
26368047278676.113281
26357547837456.968750
21043476372725.734375
21028320630623.332031
21024187598128.218750
21010132796493.558594
19619435544945.472656
19578019900134.058594
18469701091360.855469
18397753827917.199219
17332234726869.767578
17322926050281.193359
17307373485492.703125
17324212488198.027344
14534211325086.324219
14394183890452.734375
14244173755348.380859
14109777105121.023438
11016677322940.441406
11005442761248.611328
10750482518840.263672
10730907106231.710938
7476740241365.929688
6963397235020.888672
6731583565313.588867
6731380422548.010742
6679569031625.864258
5645214024603.095703
5545684205590.463867
5355701537503.061523
5225292713147.440430
5191470191606.223633
4952932381345.673828
5108857233688.925781
4650851876569.393555
4270592579303.857422
4232305820153.759277
4137753256275.033203
3420367269809.273926
3260130642626.007324
2682602885272.612793
2472613100726.927246
2360115802466.002930
2325194539493.929688
1767623461055.053223
1690990363390.540527
1352737461184.949219
0.000000
0.000000
0.000000
