Phonons at Temperature 50 K Pressure 0.00 GPa and Volume  314.47 Ang^3
95981821169590.625000
95281040428965.093750
94775639466105.562500
94726575190348.718750
92391896592963.812500
92372168957697.578125
92351387658525.312500
92313204214004.328125
90619755931612.859375
90596588906473.468750
90565350873604.781250
90538362375402.828125
88398998853433.109375
88352814464066.781250
88286730450008.046875
88232287861213.265625
80954245793130.765625
80899156564986.859375
80745046912431.750000
80698936950844.796875
50552888656417.500000
50482199957554.375000
49540883954239.289062
49557148786572.195312
49498378046560.375000
49509923823948.187500
48919401842073.351562
48846639680417.062500
47561444908633.195312
47273878286809.367188
46940649008353.296875
46903514078298.210938
45534774555035.093750
45421883199850.695312
45277220283446.031250
45222838802363.843750
43548396491061.789062
43445840477081.929688
42940282054608.421875
42832486320185.296875
41529344084414.960938
41501115670394.250000
41432677683132.273438
41425601277652.835938
39580133558849.281250
39502516400258.125000
39530683931111.023438
39472112484186.085938
39497564729925.656250
39343785973452.414062
39357793343177.812500
39270899605311.812500
34950211406639.468750
34848830869580.500000
34822456308168.507812
34740824876106.996094
33462233663212.609375
33448943811394.515625
33379483483662.972656
33349817066298.179688
30889504449836.886719
30792055359297.742188
30784014686630.839844
30749734743625.417969
27617128850982.527344
27561594086594.621094
27309565016048.878906
27220949842468.863281
26489621200255.519531
26447997922640.941406
26364725806711.117188
26354572903433.351562
21043965505894.628906
21028610409589.453125
21024603605565.550781
21010366245533.656250
19618685902491.835938
19577239220356.378906
18470029066954.355469
18398116710408.128906
17332352206971.152344
17322998381065.679688
17307404936304.162109
17324888155456.886719
14530305550101.611328
14391108122247.884766
14239894151339.832031
14106911694068.892578
11012948579576.480469
11001594516961.796875
10746981895391.361328
10727674774972.240234
7473879608418.122070
6958554636699.572266
6726682473792.169922
6727678587013.979492
6674636161698.453125
5642548145944.292969
5540642697941.736328
5349218482831.818359
5220589693595.706055
5188023953690.492188
4945273531740.534180
5107436866024.470703
4647929613860.898438
4265984593701.532227
4228662331868.638672
4132870120766.838379
3415636459150.363281
3254571828968.309082
2677623875403.134766
2465387961856.297852
2357744200320.541992
2324167934521.174316
1764160794767.851562
1687738420507.260986
1350853267627.561279
0.000000
0.000000
0.000000
