Phonons at Temperature 175 K Pressure 0.00 GPa and Volume  317.44 Ang^3
95894273327758.703125
95193653125860.687500
94679741794888.625000
94632112126376.250000
92341375120879.500000
92323714561197.406250
92309296280121.859375
92269471237985.421875
90556496654949.828125
90528975168429.796875
90499866050275.046875
90471441364816.781250
88512891650545.546875
88470076659954.375000
88407810086436.468750
88357732428957.859375
80868575646196.171875
80814370055498.296875
80658370653203.078125
80613721201269.015625
50559835759738.515625
50491858243691.648438
49525939364757.445312
49552310948321.562500
49488503063662.484375
49505455580628.687500
48935798644456.164062
48866583736094.929688
47564130501665.523438
47281615747572.671875
46906455648065.570312
46873649655397.593750
45545090906695.773438
45401265494243.421875
45270016154531.140625
45237455248549.531250
43535197588327.648438
43437813425109.070312
42933820488635.578125
42833862658498.414062
41496543263311.710938
41468089441574.578125
41407957141220.992188
41401217364734.585938
39570199771440.882812
39484065701856.468750
39539483877194.382812
39472640463078.570312
39516128692563.765625
39332555468231.015625
39368461345732.117188
39270442841665.429688
34949586371665.667969
34860420848919.468750
34826029199750.480469
34758022028737.105469
33452646214447.042969
33446678366861.859375
33378493280316.085938
33355648959830.714844
30842953499712.894531
30737975265046.835938
30732664027474.289062
30699766983229.406250
27605007814025.945312
27555609783237.726562
27308440888436.957031
27217001668042.617188
26461974675923.437500
26425376696554.070312
26320093267107.089844
26314593212037.601562
21050545360193.824219
21032508270401.218750
21030199627536.691406
21013506343413.144531
19608606135004.144531
19566742248257.242188
18474440843161.136719
18402998107442.148438
17333932369683.425781
17323971245900.167969
17307827949373.652344
17333978314498.980469
14477875488642.146484
14349803425964.580078
14182459069225.691406
14068428951208.878906
10962920145898.666016
10949966920832.843750
10700009784200.310547
10684295019021.478516
7435510818688.420898
6893748908285.625977
6661109416760.966797
6678086966369.176758
6608642900471.688477
5606814672979.221680
5473279052759.408203
5262781386322.082031
5157744761156.001953
5141894393458.232422
4843406923573.043945
5088371516119.532227
4608803688550.649414
4204489045362.798340
4179961805338.151367
4067750122112.561035
3352640146290.799316
3180721380459.128418
2611548249723.355957
2370238089974.595215
2326077212096.032227
2310404254494.479004
1718242397518.830811
1644603280699.035645
1325764776242.015137
0.000000
0.000000
0.000000
