Phonons at Temperature 250 K Pressure 0.00 GPa and Volume  319.84 Ang^3
95824283791427.343750
95123792247322.468750
94603083930024.796875
94556600050939.109375
92300972775984.421875
92284964493073.937500
92275632775339.015625
92234495395454.937500
90505914697184.203125
90474913743549.921875
90447505729753.562500
90417933473363.718750
88604122962382.500000
88564010230962.968750
88504805496701.109375
88458229076737.000000
80800096236626.109375
80746596347976.656250
80589087968802.859375
80545604868700.765625
50565394825992.000000
50499587171027.304688
49513985442281.234375
49548440533070.156250
49480603506592.226562
49501880828651.890625
48948921686990.625000
48882546843008.226562
47566279354392.164062
47287807403453.710938
46879115471338.531250
46849768818711.750000
45553346704842.015625
45384776003540.554688
45264252955007.398438
45249153272019.562500
43524640024471.632812
43431392047238.671875
42928651288611.671875
42834963898907.054688
41470317977048.953125
41441684076732.898438
41388188852559.554688
41381718127443.171875
39562253541583.414062
39469309500561.515625
39546526126505.820312
39473062904182.023438
39530988005813.414062
39323572247314.984375
39376998898992.562500
39270077388806.203125
34949086289107.351562
34869696769450.710938
34828888135012.070312
34771787604134.542969
33444977272969.125000
33444865894730.781250
33377701039573.167969
33360315793413.714844
30805758599549.250000
30694774177411.351562
30691640046403.847656
30659846246656.339844
27595313601038.371094
27550822676629.835938
27307541507031.105469
27213843145279.316406
26439875466313.515625
26407291383010.460938
26284437180900.718750
26282649132458.125000
21055811384455.976562
21035627469910.937500
21034678078429.265625
21016019074311.542969
19600545040571.667969
19558347672024.625000
18477971465051.933594
18406904646836.832031
17335196761928.296875
17324749674594.449219
17308166409660.722656
17341254787109.648438
14436062456369.408203
14316840918575.410156
14136672117502.750000
14037714512831.707031
10923056095206.156250
10908834194839.654297
10662575276074.654297
10649713223864.703125
7404953838261.251953
6842332731574.685547
6609105021788.454102
6638672076729.330078
6556311864750.985352
5578387344955.737305
5419971662656.753906
5194629958200.512695
5108007750331.032227
5105281669445.191406
4763416586419.649414
5073168589042.468750
4577736342715.576172
4155925440468.084961
4141400716738.196289
4016387281704.854004
3303074517579.961914
3122842226116.288086
2559857278938.326172
2296760030947.791504
2301047010223.921387
2299450651114.706543
1682365272382.469727
1610886113853.938721
1306027432770.943115
0.000000
0.000000
0.000000
