Phonons at Temperature 125 K Pressure 0.00 GPa and Volume  316.03 Ang^3
95935707883293.437500
95235011647016.250000
94725126956392.500000
94676818508556.390625
92365288175085.625000
92346649352253.937500
92329219641729.640625
92290171528712.406250
90586437631679.250000
90560976729717.437500
90530860186797.031250
90503115118275.250000
88458957347264.453125
88414546200442.781250
88350471180460.578125
88298325664796.421875
80909119966263.281250
80854496292553.781250
80699390962339.625000
80654050497162.437500
50556546932402.906250
50487285850754.054688
49533013463055.765625
49554601087004.781250
49493177563387.039062
49507570764354.750000
48928035832158.460938
48857141349924.367188
47562859142493.312500
47277952731903.265625
46922639431160.203125
46887784885759.781250
45540206929314.195312
45411024599814.273438
45273426394041.453125
45230535340138.812500
43541445354481.437500
43441613188440.218750
42936879225915.468750
42833211104406.960938
41512067703778.187500
41483720541630.804688
41419657827550.257812
41412758742783.890625
39574902043577.429688
39492799054279.921875
39535317802368.320312
39472390520818.453125
39507339559940.250000
39337871508348.070312
39363410830289.898438
39270659069601.882812
34949882257297.460938
34854933756348.269531
34824337773087.449219
34749879960531.542969
33457184500738.558594
33447750792753.406250
33378962031740.050781
33352888056607.500000
30864981631237.425781
30763564540370.843750
30756962371568.414062
30723411229801.960938
27610745161799.824219
27558442547085.714844
27308973036530.781250
27218870633808.019531
26475058741729.054688
26436083008295.503906
26341212561937.000000
26333511742809.558594
21047430248473.402344
21030662961303.050781
21027550325674.882812
21012019785350.378906
19613377178171.613281
19571710737016.679688
18472352208953.367188
18400687128064.109375
17333184314155.826172
17323510691930.787109
17307627696764.718750
17329674504766.634766
14502671876615.283203
14369341971967.447266
14209619488072.544922
14086633299972.779297
10986574852790.722656
10974376782150.138672
10722220395903.001953
10704808772574.503906
7453649711376.682617
6924351895028.681641
6692071166621.372070
6701517549494.168945
6639801904663.684570
5623702345149.752930
5505065813029.018555
5303524589675.062500
5187400237525.790039
5163680443128.532227
4891365608900.324219
5097388027394.586914
4627284394006.957031
4233489306778.849609
4202945972693.827637
4098448562323.294922
3382315994247.367676
3215470409259.537109
2642622229370.728027
2414814730290.174805
2341014767523.902344
2316909691493.460449
1739828923134.969238
1664883975019.710693
1337582871213.354248
0.000000
0.000000
0.000000
