Phonons at Temperature 100 K Pressure 0.00 GPa and Volume  315.41 Ang^3
95953991963698.421875
95253262206566.875000
94745155026731.625000
94696546941097.796875
92375839119375.046875
92356768589312.109375
92338009976300.781250
92299304706173.734375
90599648904658.203125
90575097455570.500000
90544536276771.906250
90517091164332.843750
88435175281451.046875
88390060641133.078125
88325188587100.765625
88272131734325.281250
80927012099653.828125
80872203864999.750000
80717493242792.765625
80671847726910.921875
50555096171076.765625
50485268922461.078125
49536134443439.632812
49555611389669.281250
49495239806914.742188
49508503882683.234375
48924611745939.906250
48852976527048.156250
47562298307441.414062
47276336923789.968750
46929780500548.320312
46894021839146.648438
45538052583895.476562
45415330386677.140625
45274930864650.851562
45227483036561.820312
43544201771520.281250
43443289517114.585938
42938228622862.875000
42832923681770.164062
41518917982787.109375
41490617899059.156250
41424820505139.382812
41417851115055.250000
39576976575863.203125
39496652288856.773438
39533480124671.898438
39472280262093.921875
39503462953982.179688
39340216848266.218750
39361183057951.117188
39270754456511.796875
34950012784724.980469
34852513461486.289062
34823591645279.457031
34746288784665.011719
33459186710588.597656
33448223892349.859375
33379168818271.187500
33351670187727.250000
30874704094909.042969
30774859733026.175781
30767687419585.488281
30733847411940.492188
27613276507512.683594
27559692281684.347656
27309207790996.222656
27219695147909.941406
26480832687002.687500
26440807356485.328125
26350534488113.972656
26341861763548.394531
21046056198377.675781
21029848975334.132812
21026381721933.832031
21011364040345.824219
19615482239395.664062
19573902931179.136719
18471430906435.320312
18399667757654.214844
17332854328103.152344
17323307527599.359375
17307539358306.476562
17327776267011.755859
14513624020705.134766
14377969636955.214844
14221617530428.853516
14094671430483.990234
10997026079259.798828
10985162208720.740234
10732033007808.613281
10713870700380.625000
7461665539979.818359
6937895208129.421875
6705775302375.498047
6711879803209.782227
6653594008126.151367
5631168312126.083984
5519146803626.497070
5321598117410.080078
5200536560949.193359
5173320433395.064453
4912672718745.407227
5101370637306.024414
4635460488499.219727
4246345948788.977539
4213125312725.783691
4112064374689.011230
3395490521776.991211
3230919982610.375977
2656447437483.350098
2434744774475.153320
2347634758354.867676
2319785311673.222168
1749437581214.331299
1673909892215.315186
1342829723233.688477
0.000000
0.000000
0.000000
