#Volume (Ang^3)   Free Energy (kJ/mol)
337.508473 -813001.017372
333.654574 -813003.199695
329.953023 -813005.014893
326.636487 -813006.379012
324.218483 -813007.201753
322.013479 -813007.815630
319.822761 -813008.288168
317.983981 -813008.572890
315.871534 -813008.766797
314.104269 -813008.813976
312.356311 -813008.752421
310.728547 -813008.594008
309.080125 -813008.329975
307.318402 -813007.927650
306.281361 -813007.630644
303.495814 -813006.601962
302.172377 -813005.990395
300.758502 -813005.245764
299.511364 -813004.508233
298.028332 -813003.529542
296.810965 -813002.641117
295.586040 -813001.667450
294.405260 -813000.651086
293.256162 -812999.586714
292.149370 -812998.489518
288.952715 -812994.907571
286.951332 -812992.337972
284.177966 -812988.336470
282.381583 -812985.458301
278.187125 -812977.805738
274.681372 -812970.339680
271.167453 -812961.800271
267.537387 -812951.785070
