#Volume (Ang^3)   Free Energy (kJ/mol)
337.508473 -813001.086859
333.654574 -813003.263467
329.953023 -813005.073504
326.636487 -813006.433266
324.218483 -813007.252987
322.013479 -813007.864222
319.822761 -813008.334238
317.983981 -813008.616923
315.871534 -813008.808577
314.104269 -813008.853940
312.356311 -813008.790650
310.728547 -813008.630677
309.080125 -813008.365114
307.318402 -813007.961212
306.281361 -813007.663303
303.495814 -813006.632295
302.172377 -813006.019670
300.758502 -813005.273943
299.511364 -813004.535472
298.028332 -813003.555697
296.810965 -813002.666409
295.586040 -813001.691897
294.405260 -813000.674740
293.256162 -812999.609618
292.149370 -812998.511717
288.952715 -812994.927836
286.951332 -812992.357097
284.177966 -812988.354106
282.381583 -812985.475025
278.187125 -812977.820484
274.681372 -812970.352927
271.167453 -812961.812146
267.537387 -812951.795658
