#Volume (Ang^3)   Free Energy (kJ/mol)
337.508473 -813041.848781
333.654574 -813043.336071
329.953023 -813044.480720
326.636487 -813045.241610
324.218483 -813045.623141
322.013479 -813045.833660
319.822761 -813045.904515
317.983981 -813045.851380
315.871534 -813045.656369
314.104269 -813045.377556
312.356311 -813044.993025
310.728547 -813044.533369
309.080125 -813043.963812
307.318402 -813043.234470
306.281361 -813042.744730
303.495814 -813041.197533
302.172377 -813040.339205
300.758502 -813039.330674
299.511364 -813038.360131
298.028332 -813037.104080
296.810965 -813035.987766
295.586040 -813034.784606
294.405260 -813033.546848
293.256162 -813032.266865
292.149370 -813030.961856
288.952715 -813026.778977
286.951332 -813023.832641
284.177966 -813019.308528
282.381583 -813016.091545
278.187125 -813007.647123
274.681372 -812999.518648
271.167453 -812990.315019
267.537387 -812979.613651
