#Volume (Ang^3)   Free Energy (kJ/mol)
337.508473 -813059.988688
333.654574 -813061.283292
329.953023 -813062.241010
326.636487 -813062.832836
324.218483 -813063.090155
322.013479 -813063.186697
319.822761 -813063.143638
317.983981 -813062.994366
315.871534 -813062.688313
314.104269 -813062.316110
312.356311 -813061.838763
310.728547 -813061.292273
309.080125 -813060.634383
307.318402 -813059.810192
306.281361 -813059.264403
303.495814 -813057.565855
302.172377 -813056.635210
300.758502 -813055.549124
299.511364 -813054.509919
298.028332 -813053.171907
296.810965 -813051.988061
295.586040 -813050.716717
294.405260 -813049.413011
293.256162 -813048.068640
292.149370 -813046.701418
288.952715 -813042.337765
286.951332 -813039.277422
284.177966 -813034.594263
282.381583 -813031.273598
278.187125 -813022.585039
274.681372 -813014.250296
271.167453 -813004.837875
267.537387 -812993.918653
