#Volume (Ang^3)   Free Energy (kJ/mol)
337.508473 -813033.886326
333.654574 -813035.468141
329.953023 -813036.704456
326.636487 -813037.548219
324.218483 -813037.990617
322.013479 -813038.256974
319.822761 -813038.383621
317.983981 -813038.377559
315.871534 -813038.236905
314.104269 -813038.003797
312.356311 -813037.664679
310.728547 -813037.247499
309.080125 -813036.721142
307.318402 -813036.038174
306.281361 -813035.575833
303.495814 -813034.102598
302.172377 -813033.279601
300.758502 -813032.308948
299.511364 -813031.371934
298.028332 -813030.155896
296.810965 -813029.072544
295.586040 -813027.902656
294.405260 -813026.697072
293.256162 -813025.448495
292.149370 -813024.173826
288.952715 -813020.079067
286.951332 -813017.188276
284.177966 -813012.741613
282.381583 -813009.575095
278.187125 -813001.249418
274.681372 -812993.221175
271.167453 -812984.118910
267.537387 -812973.523201
