#Volume (Ang^3)   Free Energy (kJ/mol)
337.508473 -813001.797039
333.654574 -813003.939835
329.953023 -813005.718036
326.636487 -813007.049835
324.218483 -813007.849516
322.013479 -813008.442742
319.822761 -813008.895123
317.983981 -813009.163210
315.871534 -813009.338327
314.104269 -813009.370052
312.356311 -813009.293453
310.728547 -813009.121248
309.080125 -813008.843463
307.318402 -813008.426683
306.281361 -813008.121283
303.495814 -813007.070492
302.172377 -813006.448641
300.758502 -813005.693184
299.511364 -813004.946240
298.028332 -813003.956522
296.810965 -813003.059181
295.586040 -813002.076667
294.405260 -813001.051892
293.256162 -812999.979446
292.149370 -812998.874578
288.952715 -812995.271042
286.951332 -812992.688358
284.177966 -812988.669272
282.381583 -812985.780052
278.187125 -812978.102713
274.681372 -812970.617040
271.167453 -812962.058954
267.537387 -812952.025473
